theta1(100000)

ans =

   -0.1020

>> theta2(100000)

ans =

   -0.7393

>> w1(100000)

ans =

    0.1546

>> w2(100000)

ans =

    3.6827

>> 
