> theta1(100000)

ans =

   -0.1220

>> theta2(100000)

ans =

   -0.7105

>> 
w1(100000)

ans =

    0.0619

>> w2(100000)

ans =

    3.7755

>> 

