theta1(100)

ans =

   -4.7120

>> theta2(100)

ans =

   -7.0590

>> w1(100)

ans =

   -0.2372

>> w2(100)

ans =

   -1.8650

>> 
