ans =

   -0.1235

>> theta2(1000)

ans =

   -0.7436

>> w1(1000)

ans =

    0.1299

>> w2(1000)

ans =

    3.6624

>> 
